��������,������,������,���,����

"Гражданин Кейн,""8,3"",,1941,""['Drama, Mystery']"""
"Крестный отец,""9,2"",,1972,""['Crime, Drama']"""
"Волшебник страны Оз,8,,1939,""['Adventure, Family']"""
"Побег из Шоушенка,""9,3"",,1994,[]"
"Криминальное чтиво,""8,9"",,1994,""['Crime, Drama']"""
"Касабланка,""8,5"",,1942,""['Drama, Romance']"""
"Третий человек,""8,1"",,1949,""['Noir, Mystery']"""
"Звёздные войны. Эпизод 5: Империя наносит ответный удар,""8,7"",,1980,""['Action, Adventure']"""
"Список Шиндлера,""8,9"",,1993,""['Biography, Drama']"""
"Апокалипсис сегодня,""8,4"",,1979,""['Drama, Mystery']"""
"Славные парни,""8,7"",,1990,""['Biography, Crime']"""
"Поющие под дождем,""8,3"",,1952,""['Comedy, Musical']"""
"Психо,""8,5"",,1960,""['Horror, Mystery']"""
"2001 год: Космическая одиссея,""8,3"",,1968,""['Adventure, Sci']"""
"Бойцовский клуб,""8,8"",,1999,[]"
"Бешеный бык,""8,2"",,1980,""['Biography, Drama']"""
"Таксист,""8,2"",,1976,""['Crime, Drama']"""
"Семь самураев,""8,6"",,1954,""['Action, Drama']"""
"Чeтыреста ударов,""8,1"",,1959,""['Crime, Drama']"""
"12 разгневанных мужчин,9,,1957,""['Crime, Drama']"""
"Доктор Стрейнджлав, или Как я научился не волноваться и полюбил атомную бомбу,""8,4"",,1964,""['Comedy, War']"""
"Головокружение,""8,3"",,1958,""['Mystery, Romance']"""
"Хороший, плохой, злой,""8,8"",,1966,""['Adventure, Western']"""
"Огни большого города,""8,5"",,1931,""['Comedy, Drama']"""
"Унесенные ветром,""8,1"",,1939,""['Drama, History']"""
"В порту,""8,1"",,1954,""['Crime, Drama']"""
"Крестный отец 2,9,,1974,""['Crime, Drama']"""
"Темный рыцарь,9,,2008,""['Action, Crime']"""
"Бегущий по лезвию,""8,1"",,1982,""['Action, Drama']"""
"Звёздные войны,""8,6"",,1977,""['Action, Adventure']"""
"Всё о Еве,""8,2"",,1950,[]"
"Индиана Джонс: В поисках утраченного ковчега,""8,4"",,1981,""['Action, Adventure']"""
"Назад в будущее,""8,5"",,1985,""['Adventure, Comedy']"""
"Лоуренс Аравийский,""8,3"",,1962,""['Adventure, Biography']"""
"Челюсти,8,,1975,""['Adventure, Thriller']"""
"12 лет рабства,""8,1"",,2013,""['Biography, Drama']"""
"Квартира,""8,3"",,1960,""['Comedy, Drama']"""
"Китайский квартал,""8,2"",,1974,""['Drama, Mystery']"""
"В джазе только девушки,""8,2"",,1959,""['Comedy, Music']"""
"Кабинет доктора Калигари,""8,1"",,1920,""['Horror, Mystery']"""
"Великий диктатор,""8,4"",,1940,""['Comedy, Drama']"""
"Властелин колец: Братство кольца,""8,8"",,2001,""['Action, Adventure']"""
"Чужой,""8,4"",,1979,""['Horror, Sci']"""
"Искатели,""7,9"",,1956,""['Adventure, Drama']"""
"Андрей Рублёв,""8,1"",,1966,""['Biography, Drama']"""
"В центре внимания,""8,1"",,I) (,""['Biography, Crime']"""
"Однажды на Диком Западе,""8,5"",,1968,[]"
"Лунный свет,""7,4"",,I) (,[]"
"Метрополис,""8,3"",,1927,""['Drama, Sci']"""
"Властелин колец: Возвращение короля,""8,9"",,2003,""['Action, Adventure']"""
"Новые времена,""8,5"",,1936,""['Comedy, Drama']"""
"Чужие,""8,3"",,1986,""['Action, Adventure']"""
"Это случилось однажды ночью,""8,1"",,1934,""['Comedy, Romance']"""
"Лора,8,,1944,""['Drama, Film', 'Noir, Mystery']"""
"Терминатор 2: Судный день,""8,5"",,1991,""['Action, Sci']"""
"Заводной апельсин,""8,3"",,1971,""['Crime, Sci']"""
"Инопланетянин,""7,8"",,1982,""['Adventure, Family']"""
"Носферату, симфония ужаса,""7,9"",,1922,""['Fantasy, Horror']"""
"Белоснежка и семь гномов,""7,6"",,1937,""['Animation, Adventure']"""
"Битва за Алжир,""8,1"",,1966,""['Drama, War']"""
"Великая иллюзия,""8,1"",,1937,""['Drama, War']"""
"На север через северо-запад,""8,3"",,1959,""['Adventure, Mystery']"""
"Буч Кэссиди и Сандэнс Кид,8,,1969,""['Biography, Comedy']"""
"Отвращение,""7,7"",,1965,""['Drama, Horror']"""
"Мальтийский сокол,8,,1941,""['Crime, Film', 'Noir, Mystery']"""
"Гравитация,""7,7"",,2013,""['Action, Drama']"""
"Сансет бульвар,""8,4"",,1950,""['Drama, Film']"""
"Кинг Конг,""7,9"",,1933,""['Adventure, Horror']"""
"История игрушек,""8,3"",,1995,""['Animation, Adventure']"""
"Окно во двор,""8,5"",,1954,""['Mystery, Thriller']"""
"Расёмон,""8,2"",,1950,""['Crime, Drama']"""
"Приключения Робин Гуда,""7,9"",,1938,""['Action, Adventure']"""
"The Beatles: Вечер трудного дня,""7,6"",,1964,""['Comedy, Musical']"""
"Невеста Франкенштейна,""7,8"",,1935,""['Drama, Horror']"""
"М убийца,""8,3"",,1931,""['Crime, Mystery']"""
"Филадельфийская история,""7,9"",,1940,""['Comedy, Romance']"""
"Сокровища Сьерра Мадре,""8,2"",,1948,""['Adventure, Drama']"""
"На западном фронте без перемен,""8,1"",,1930,""['Drama, War']"""
"Похитители велосипедов,""8,3"",,1948,[]"
"Выпускник,8,,1967,""['Comedy, Drama']"""
"Армия теней,""8,2"",,1969,""['Drama, War']"""
Трамвай «Желание»,8,,1951,[]
"Ночь охотника,8,,1955,""['Crime, Drama']"""
"Пролетая над гнездом кукушки,""8,7"",,1975,[]"
"Ребекка,""8,1"",,1940,""['Drama, Film', 'Noir, Mystery']"""
"Сельма,""7,5"",,2014,""['Biography, Drama']"""
"Ребенок Розмари,8,,1968,""['Drama, Horror']"""
"Франкенштейн,""7,8"",,1931,""['Drama, Horror']"""
"Паровоз Генерал,""8,1"",,1926,""['Action, Adventure']"""
Конформист,8,,1970,[]
"Печать зла,8,,1958,""['Crime, Drama']"""
"Энни Холл,8,,1977,""['Comedy, Romance']"""
"Эта замечательная жизнь,""8,6"",,1946,""['Drama, Family']"""
"День, когда остановилась Земля,""7,7"",,1951,""['Drama, Sci']"""
"Повелитель бури,""7,5"",,2008,""['Drama, Thriller']"""
"Секреты Лос-Анджелеса,""8,2"",,1997,""['Crime, Drama']"""
"Безумный Макс: Дорога ярости,""8,1"",,2015,""['Action, Adventure']"""
"Пиноккио,""7,4"",,1940,""['Animation, Adventure']"""
"39 cтупеней,""7,6"",,1935,""['Crime, Mystery']"""
"Рим, открытый город,""8,1"",,1945,""['Drama, Thriller']"""
"Токийская повесть,""8,2"",,1953,[]"
"Последний киносеанс,8,,1971,""['Drama, Romance']"""
"Гроздья гнева,""8,1"",,1940,[]"
"Убить пересмешника,""8,2"",,1962,""['Crime, Drama']"""
"Мистер Смит едет в Вашингтон,""8,1"",,1939,""['Comedy, Drama']"""
"Плата за страх,""8,1"",,1953,""['Adventure, Drama']"""
"Паттон,""7,9"",,1970,""['Biography, Drama']"""
"Римские каникулы,8,,1953,""['Comedy, Romance']"""
"Ровно в полдень,8,,1952,""['Drama, Thriller']"""
"Двойная страховка,""8,3"",,1944,""['Crime, Drama']"""
"Форрест Гамп,""8,8"",,1994,""['Drama, Romance']"""
"Молчание ягнят,""8,6"",,1991,""['Crime, Drama']"""
"Нефть,""8,2"",,2007,[]"
"Крепкий орешек,""8,2"",,1988,""['Action, Thriller']"""
"Фарго,""8,1"",,1996,""['Crime, Thriller']"""
"Красота по-американски,""8,3"",,1999,[]"
"Матрица,""8,7"",,1999,""['Action, Sci']"""
"Мост через реку Квай,""8,1"",,1957,""['Adventure, Drama']"""
"Лучшие годы нашей жизни,""8,1"",,1946,""['Drama, Romance']"""
"Рома,""7,7"",,2018,[]"
"Белая горячка,""8,1"",,1949,""['Action, Crime']"""
"Звуки музыки,8,,1965,""['Biography, Drama']"""
"Начало,""8,8"",,2010,""['Action, Adventure']"""
"Бонни и Клайд,""7,8"",,1967,""['Action, Biography']"""
"Полуночный ковбой,""7,8"",,1969,[]"
"Шейн,""7,6"",,1953,""['Drama, Western']"""
"Нетерпимость,""7,7"",,1916,""['Drama, History']"""
"Человек на проволоке,""7,7"",,2008,""['Documentary, Biography']"""
"Броненосец «Потемкин»,8,,1925,""['Drama, History']"""
"Анатомия убийства,8,,1959,""['Drama, Mystery']"""
"Леопард,8,,1963,""['Drama, History']"""
"Леди исчезает,""7,8"",,1938,""['Mystery, Thriller']"""
"Хладнокровный Люк,""8,1"",,1967,""['Crime, Drama']"""
"Подозрительные лица,""8,5"",,1995,""['Crime, Drama']"""
"Сияние,""8,4"",,1980,""['Drama, Horror']"""
"Город Бога,""8,6"",,2002,""['Crime, Drama']"""
"Схватка,""8,2"",,1995,""['Action, Crime']"""
"Добрые сердца и короны,8,,1949,""['Comedy, Crime']"""
"Большой Лебовски,""8,1"",,1998,""['Comedy, Crime']"""
"Сладкая жизнь,8,,1960,""['Comedy, Drama']"""
"Фантазия,""7,7"",,1940,""['Animation, Family']"""
"Старикам тут не место,""8,1"",,2007,""['Crime, Drama']"""
"Это - Spinal Tap!,""7,9"",,1984,""['Comedy, Music']"""
"Три цвета: Красный,""8,1"",,1994,""['Drama, Mystery']"""
"Умница Уилл Хантинг,""8,3"",,1997,""['Drama, Romance']"""
Восемь с половиной,8,,1963,[]
"Унесённые призраками,""8,6"",,2001,""['Animation, Adventure']"""
"Ла-Ла Ленд,8,,2016,""['Comedy, Drama']"""
"Вестсайдская история,""7,5"",,1961,""['Crime, Drama']"""
"Охотник на оленей,""8,1"",,1978,""['Drama, War']"""
"Военно-полевой госпиталь М.Э.Ш.,""7,4"",,1970,""['Comedy, Drama']"""
"Красавица и чудовище,8,,1991,""['Animation, Family']"""
"Жизнь других,""8,4"",,2006,""['Drama, Mystery']"""
"Артист,""7,9"",,I) (,""['Comedy, Drama']"""
"Одержимость,""8,5"",,2014,""['Drama, Music']"""
"Король говорит!,8,,2010,""['Biography, Drama']"""
"Втoржение похитителей тел,""7,7"",,1956,""['Drama, Horror']"""
"Бёрдмэн,""7,7"",,2014,""['Comedy, Drama']"""
"Манчестер у моря,""7,8"",,2016,[]"
"Властелин колец: Две крепости,""8,7"",,2002,""['Action, Adventure']"""
"Близкие контакты третьей степени,""7,6"",,1977,""['Drama, Sci']"""
"Бруклин,""7,5"",,2015,""['Drama, Romance']"""
"Малышка на миллион,""8,1"",,2004,""['Drama, Sport']"""
"Подводная лодка,""8,3"",,1981,""['Drama, War']"""
"Любой ценой,""7,6"",,II) ,""['Action, Crime']"""
"Обыкновенные люди,""7,7"",,1980,[]"
"Пианист,""8,5"",,2002,""['Biography, Drama']"""
"Иди и смотри,""8,3"",,1985,""['Drama, Thriller']"""
"Новый кинотеатр «Парадизо»,""8,5"",,1988,""['Drama, Romance']"""
"Его девушка Пятница,""7,9"",,1940,""['Comedy, Drama']"""
"Гарольд и Мод,""7,9"",,1971,""['Comedy, Drama']"""
"Свидетель обвинения,""8,4"",,1957,""['Crime, Drama']"""
"Тропы славы,""8,4"",,1957,""['Drama, War']"""
"Останься со мной,""8,1"",,1986,""['Adventure, Drama']"""
"Вечное сияние чистого разума,""8,3"",,2004,""['Drama, Romance']"""
"Барри Линдон,""8,1"",,1975,""['Adventure, Drama']"""
"Амадей,""8,3"",,1984,""['Biography, Drama']"""
"Олдбой,""8,4"",,2003,""['Action, Drama']"""
"Король Лев,""8,5"",,1994,""['Animation, Adventure']"""
"Отрочество,""7,9"",,I) (,[]"
"Операция «Арго»,""7,7"",,2012,""['Biography, Drama']"""
"Тельма и Луиза,""7,5"",,1991,""['Adventure, Crime']"""
"Лестница в небо,""8,1"",,1946,""['Drama, Fantasy']"""
"Манхэттен,""7,9"",,1979,""['Comedy, Drama']"""
"Жизнь и смерть полковника Блимпа,""8,1"",,1943,""['Drama, Romance']"""
"Большой побег,""8,2"",,1963,""['Adventure, Drama']"""
"Спартак,""7,9"",,1960,""['Adventure, Biography']"""
"Монти Пайтон и священный Грааль,""8,2"",,1975,""['Adventure, Comedy']"""
"Бразилия,""7,9"",,1985,""['Drama, Sci']"""
Магнолия,8,,1999,[]
"Тутси,""7,4"",,1982,""['Comedy, Drama']"""
"Отступники,""8,5"",,2006,""['Action, Crime']"""
"Прибытие,""7,9"",,II) ,""['Drama, Sci']"""
"Казино Рояль,8,,2006,""['Action, Adventure']"""
"Когда Гарри встретил Салли,""7,6"",,1989,""['Comedy, Drama']"""
"Миллионер из трущоб,8,,2008,""['Drama, Romance']"""
"Синий бархат,""7,7"",,1986,""['Crime, Drama']"""
"Король комедии,""7,8"",,1982,""['Comedy, Crime']"""
"Клуб «Завтрак»,""7,8"",,1985,""['Comedy, Drama']"""
"ВАЛЛ·И,""8,4"",,2008,""['Animation, Adventure']"""
"Головоломка,""8,1"",,I) (,""['Animation, Adventure']"""
"Выходной день Ферриса Бьюллера,""7,8"",,1986,[]"
"Беспечный ездок,""7,3"",,1969,""['Adventure, Drama']"""
Молодой Франкенштейн,8,,1974,[]
"Амели,""8,3"",,2001,""['Comedy, Romance']"""
"Семь,""8,6"",,1995,""['Crime, Drama']"""
"Вся президентская рать,8,,1976,""['Drama, History']"""
"Леон,""8,5"",,1994,""['Action, Crime']"""
"Малыш,""8,3"",,1921,""['Comedy, Drama']"""
"Страсти Жанны д'Арк,""8,1"",,1928,""['Biography, Drama']"""
"Жизнь прекрасна,""8,6"",,1997,""['Comedy, Drama']"""
"Рокки,""8,1"",,1976,""['Drama, Sport']"""
"На игле,""8,1"",,1996,[]"
"Звёздные войны. Эпизод 6: Возвращение джедая,""8,3"",,1983,""['Action, Adventure']"""
"Золотая лихорадка,""8,2"",,1925,""['Adventure, Comedy']"""
"Непрощенный,""8,2"",,1992,""['Drama, Western']"""
"Помни,""8,4"",,2000,""['Mystery, Thriller']"""
"Восход солнца,""8,1"",,1927,""['Drama, Romance']"""
"Нэшвилл,""7,7"",,1975,""['Comedy, Drama']"""
"Утиный суп,""7,8"",,1933,""['Comedy, Musical']"""
"Странствия Салливана,""7,9"",,1941,""['Adventure, Comedy']"""
"Кабаре,""7,8"",,1972,""['Drama, Music']"""
"Телесеть,""8,1"",,1976,[]"
"Спасти рядового Райана,""8,6"",,1998,""['Drama, War']"""
"Африканская королева,""7,8"",,1951,""['Adventure, Drama']"""
Кто боится Вирджинии Вульф?,8,,1966,[]
"Красная река,""7,8"",,1948,""['Drama, Western']"""
"Полуночная жара,""7,9"",,1967,""['Crime, Drama']"""
"В случае убийства набирайте «М»,""8,2"",,1954,""['Crime, Thriller']"""
"Дикая банда,""7,9"",,1969,""['Action, Adventure']"""
"Титаник,""7,8"",,1997,""['Drama, Romance']"""
"Вечер в опере,""7,9"",,1935,""['Comedy, Music']"""
"Взвод,""8,1"",,1986,""['Drama, War']"""
"Однажды в Америке,""8,3"",,1984,""['Crime, Drama']"""
"Дух улья,""7,9"",,1973,""['Drama, Fantasy']"""
"Развод Надера и Симин,""8,3"",,2011,[]"
"История игрушек 3,""8,2"",,2010,""['Animation, Adventure']"""
"Воспитание крошки,""7,9"",,1938,[]"
"Шестое чувство,""8,1"",,1999,""['Drama, Mystery']"""
"Время свинга,""7,6"",,1936,""['Comedy, Musical']"""
"Разговор,""7,8"",,1974,""['Drama, Mystery']"""
"Выбор Софи,""7,6"",,1982,""['Drama, Romance']"""
"Французский связной,""7,7"",,1971,""['Action, Crime']"""
"Делай как надо,8,,1989,""['Comedy, Drama']"""
"Янки Дудл Денди,""7,7"",,1942,""['Biography, Drama']"""
"Бен-Гур,""8,1"",,1959,""['Adventure, Drama']"""
"Бунтарь без причины,""7,7"",,1955,[]"
"Почти знаменит,""7,9"",,2000,""['Adventure, Comedy']"""
"Горбатая гора,""7,7"",,2005,""['Drama, Romance']"""
"Фицкарральдо,""8,1"",,1982,""['Adventure, Drama']"""
"Дилижанс,""7,9"",,1939,""['Adventure, Drama']"""
"Английский пациент,""7,4"",,1996,""['Drama, Romance']"""
"Американская история Икс,""8,5"",,1998,[]"
"Великолепие Амберсонов,""7,7"",,1942,""['Drama, Romance']"""
"Афера,""8,3"",,1973,""['Comedy, Crime']"""
"Чeловек на все времена,""7,7"",,1966,""['Biography, Drama']"""
"Трудности перевода,""7,7"",,2003,""['Comedy, Drama']"""
"Бешеные псы,""8,3"",,1992,""['Crime, Drama']"""
"Влюбленный Шекспир,""7,1"",,1998,""['Comedy, Drama']"""
"Индиана Джонс и последний крестовый поход,""8,2"",,1989,""['Action, Adventure']"""
"Принцесса-невеста,""8,1"",,1987,""['Adventure, Family']"""
"Солярис,8,,1972,""['Drama, Mystery']"""
"Женщина не в себе,""8,2"",,1974,""['Drama, Romance']"""
"Вверх,""8,2"",,2009,""['Animation, Adventure']"""
"Зелёная миля,""8,6"",,1999,""['Crime, Drama']"""
"Доктор Живаго,8,,1965,""['Drama, Romance']"""
"Лабиринт Фавна,""8,2"",,2006,""['Drama, Fantasy']"""
"Голдфингер,""7,7"",,1964,""['Action, Adventure']"""
"Аэроплан,""7,7"",,1980,[]"
"Реквием по мечте,""8,3"",,2000,[]"
"Нечто,""8,1"",,1982,""['Horror, Mystery']"""
"Парк юрского периода,""8,1"",,1993,""['Action, Adventure']"""
"Терминатор,8,,1984,""['Action, Sci']"""
"Сверкающие седла,""7,7"",,1974,""['Comedy, Western']"""
"В поисках Немо,""8,1"",,2003,""['Animation, Adventure']"""
"Рестлер,""7,9"",,2008,""['Drama, Sport']"""
"Перед закатом,""8,1"",,2004,""['Drama, Romance']"""
"Бункер,""8,2"",,2004,""['Biography, Drama']"""
"Цельнометаллическая оболочка,""8,3"",,1987,""['Drama, War']"""
"Тонкая красная линия,""7,6"",,1998,""['Drama, History']"""
Рио Браво,8,,1959,[]
"Харви,""7,9"",,1950,""['Comedy, Drama']"""
"Планета обезьян,8,,1968,""['Adventure, Sci']"""
"Могила светлячков,""8,5"",,1988,""['Animation, Drama']"""
"Ненависть,""8,1"",,1995,""['Crime, Drama']"""
"Три цвета: Синий,""7,9"",,1993,""['Drama, Music']"""
"Звездный путь 2: Гнев Хана,""7,7"",,1982,""['Action, Adventure']"""
"Человек, который хотел быть королем,""7,8"",,1975,""['Adventure, History']"""
"Красные башмачки,""8,1"",,1948,""['Drama, Music']"""
"Гладиатор,""8,5"",,2000,""['Action, Adventure']"""
"Ночи в стиле буги,""7,9"",,1997,[]"
"Красавица и чудовище,""7,9"",,1946,""['Drama, Fantasy']"""
"Пустоши,""7,8"",,1973,""['Action, Crime']"""
"Мой отец и мой сын,""8,2"",,2005,""['Drama, Family']"""
"Чyдо на 34-й улице,""7,9"",,1947,""['Comedy, Drama']"""
"На несколько долларов больше,""8,2"",,1965,[]"
"Супермен,""7,3"",,1978,""['Action, Adventure']"""
"Дети небес,""8,3"",,1997,""['Drama, Family']"""
"Ран,""8,2"",,1985,""['Action, Drama']"""
"Охота,""8,3"",,2012,[]"
"Дни жатвы,""7,8"",,1978,""['Drama, Romance']"""
"Храброе сердце,""8,3"",,1995,""['Biography, Drama']"""
"Гарри Поттер и Дары смерти: Часть II,""8,1"",,2011,""['Adventure, Fantasy']"""
"Комната,""8,1"",,I) (,""['Drama, Thriller']"""
"Джанго освобожденный,""8,4"",,2012,""['Drama, Western']"""
"Академия Рашмор,""7,7"",,1998,""['Comedy, Drama']"""
"Прочь,""7,7"",,I) (,""['Horror, Mystery']"""
"Лицо со шрамом,""8,3"",,1983,""['Crime, Drama']"""
"Бесславные ублюдки,""8,3"",,2009,""['Adventure, Drama']"""
"Драйв,""7,8"",,I) (,""['Action, Drama']"""
"Звёздные войны: Пробуждение Силы,""7,8"",,2015,""['Action, Adventure']"""
"Седьмая печать,""8,2"",,1957,""['Drama, Fantasy']"""
"Служанка,""8,1"",,2016,""['Drama, Romance']"""
"Шоу Трумана,""8,1"",,1998,""['Comedy, Drama']"""
"Малхолланд Драйв,""7,9"",,2001,""['Drama, Mystery']"""
"Жизнь Брайана по Монти Пайтон,""8,1"",,1979,[]"
Изгоняющий дьявола,8,,1973,[]
"Аладдин,8,,1992,""['Animation, Adventure']"""
"Волк с Уолл-стрит,""8,2"",,2013,""['Biography, Comedy']"""
"Донни Дарко,8,,2001,""['Drama, Mystery']"""
"Перед рассветом,""8,1"",,1995,""['Drama, Romance']"""
"Впусти меня,""7,9"",,2008,""['Crime, Drama']"""
"Ультиматум Борна,8,,2007,""['Action, Adventure']"""
"Торжество,""8,1"",,1998,[]"
"Рататуй,8,,2007,""['Animation, Adventure']"""
"Джон Ф. Кеннеди: Выстрелы в Далласе,8,,1991,""['Drama, History']"""
"Книга джунглей,""7,6"",,1967,""['Animation, Adventure']"""
"Бандит,""8,2"",,1996,""['Crime, Drama']"""
"Дитя человеческое,""7,9"",,2006,""['Action, Drama']"""
"Социальная сеть,""7,7"",,2010,""['Biography, Drama']"""
"Принцесса Мононоке,""8,4"",,1997,""['Animation, Action']"""
"Жить,""8,3"",,1952,[]"
"Суперсемейка,8,,2004,""['Animation, Action']"""
"1+1,""8,5"",,2011,""['Biography, Comedy']"""
"Человек-Слон,""8,1"",,1980,""['Biography, Drama']"""
"Во имя отца,""8,1"",,1993,""['Biography, Crime']"""
"Убить Билла,""8,1"",,2003,""['Action, Crime']"""
"Бегущий по лезвию 2049,8,,2017,""['Action, Drama']"""
"007: Координаты «Скайфолл»,""7,8"",,2012,""['Action, Adventure']"""
"Братья Блюз,""7,9"",,1980,""['Action, Adventure']"""
"Тайна в его глазах,""8,2"",,2009,""['Drama, Mystery']"""
"День сурка,8,,1993,""['Comedy, Fantasy']"""
"Телохранитель,""8,2"",,1961,""['Action, Drama']"""
"Американские граффити,""7,4"",,1973,""['Comedy, Drama']"""
"Преступления и проступки,""7,9"",,1989,""['Comedy, Drama']"""
"Сука любовь,""8,1"",,2000,""['Drama, Thriller']"""
"Ходячий замок,""8,2"",,2004,""['Animation, Adventure']"""
"Ганди,8,,1982,""['Biography, Drama']"""
"Мой сосед Тоторо,""8,2"",,1988,""['Animation, Comedy']"""
"Дурная слава,8,,1946,""['Drama, Film', 'Noir, Romance']"""
"Нюрнбергский процесс,""8,2"",,1961,""['Drama, War']"""
"Сладкий запах успеха,8,,1957,""['Drama, Film']"""
"Мэри и Макс,""8,1"",,2009,""['Animation, Comedy']"""
"Она,8,,2013,""['Drama, Romance']"""
"Пожары,""8,3"",,2010,""['Drama, Mystery']"""
"Незнакомцы в поезде,8,,1951,""['Crime, Drama']"""
"Город грехов,8,,2005,""['Crime, Thriller']"""
"Карты, деньги, два ствола,""8,2"",,1998,""['Action, Comedy']"""
"Фаворитка,""7,5"",,2018,""['Biography, Comedy']"""
"Перед полуночью,""7,9"",,2013,""['Drama, Romance']"""
"Игры разума,""8,2"",,2001,""['Biography, Drama']"""
"Путь Карлито,""7,9"",,1993,""['Crime, Drama']"""
"Неприкасаемые,""7,9"",,1987,""['Crime, Drama']"""
"Казино,""8,2"",,1995,""['Crime, Drama']"""
"Гран Торино,""8,1"",,2008,[]"
"Воспоминания об убийстве,""8,1"",,2003,""['Crime, Drama']"""
"По соображениям совести,""8,1"",,2016,""['Biography, Drama']"""
"Мой парень - псих,""7,7"",,2012,""['Comedy, Drama']"""
"Маленькая Мисс Счастье,""7,8"",,2006,""['Comedy, Drama']"""
"Ночи Кабирии,""8,1"",,1957,[]"
"В диких условиях,""8,1"",,2007,""['Adventure, Biography']"""
"Дюнкерк,""7,8"",,2017,""['Action, Drama']"""
"Магазинные воришки,""7,9"",,2018,""['Crime, Drama']"""
"Сталкер,""8,1"",,1979,""['Drama, Sci']"""
"Дьяволицы,""8,1"",,1955,""['Crime, Drama']"""
"Типа крутые легавые,""7,8"",,2007,""['Action, Comedy']"""
"Исчезнувшая,""8,1"",,2014,""['Drama, Mystery']"""
"Отель «Руанда»,""8,1"",,2004,""['Biography, Drama']"""
"Дикие истории,""8,1"",,2014,""['Comedy, Drama']"""
"Отель «Гранд Будапешт»,""8,1"",,2014,""['Adventure, Comedy']"""
"Пленницы,""8,1"",,2013,""['Crime, Drama']"""
"Персона,""8,1"",,1966,""['Drama, Thriller']"""
"История игрушек 2,""7,9"",,1999,""['Animation, Adventure']"""
Короткий срок 12,8,,2013,[]
"Марсианин,8,,2015,""['Adventure, Drama']"""
"Гонка,""8,1"",,I) (,""['Action, Biography']"""
"Хатико: самый верный друг,""8,1"",,2009,""['Biography, Drama']"""
"Рассвет мертвецов,""7,9"",,1978,""['Horror, Thriller']"""
"Поймай меня, если сможешь,""8,1"",,2002,""['Biography, Crime']"""
"Акира,8,,1988,""['Animation, Action']"""
"Бумажная луна,""8,1"",,1973,""['Comedy, Crime']"""
"Двойная рокировка,8,,2002,""['Action, Crime']"""
"Мэри Поппинс,""7,8"",,1964,""['Comedy, Family']"""
"Собачий полдень,8,,1975,""['Biography, Crime']"""
"Трио из Бельвилля,""7,8"",,2003,""['Animation, Comedy']"""
"Небо над Берлином,8,,1987,""['Drama, Fantasy']"""
"Что случилось с Бэби Джейн?,""8,1"",,1962,""['Drama, Horror']"""
"Аномализа,""7,3"",,2015,""['Animation, Comedy']"""
"Эдвард руки-ножницы,""7,9"",,1990,""['Drama, Fantasy']"""
"Охотники за привидениями,""7,8"",,1984,""['Action, Comedy']"""
"Хэллоуин,""7,7"",,1978,""['Horror, Thriller']"""
"Бесподобный мистер Фокс,""7,9"",,2009,""['Animation, Adventure']"""
Прислуга,8,,2011,[]
"Под кайфом и в смятении,""7,6"",,1993,[]"
"Кошмар перед Рождеством,8,,1993,""['Animation, Family']"""
"Любовное настроение,""8,1"",,2000,""['Drama, Romance']"""
"Стальной гигант,8,,1999,""['Animation, Action']"""
"Мстители,8,,2012,""['Action, Adventure']"""
"Запретная планета,""7,6"",,1956,""['Adventure, Sci']"""
"Земляничная поляна,""8,2"",,1957,""['Drama, Romance']"""
"Человек, который застрелил Либерти Вэланса,""8,1"",,1962,""['Drama, Western']"""
"Хочу жениться на дочери миллионера,""8,1"",,1994,""['Action, Comedy']"""
"Навсикая из Долины ветров,""8,1"",,1984,""['Animation, Adventure']"""
"Письма с Иводзимы,""7,9"",,2006,""['Action, Adventure']"""
"Герой,""7,9"",,2002,""['Action, Adventure']"""
"Париж, Техас,""8,1"",,1984,[]"
"Фанни и Александр,""8,1"",,1982,[]"
"Таинственная река,""7,9"",,2003,""['Crime, Drama']"""
"Малыш на драйве,""7,6"",,2017,""['Action, Crime']"""
"Большой куш,""8,2"",,2000,""['Comedy, Crime']"""
"Воин,""8,1"",,2011,""['Action, Drama']"""
Отточенное лезвие,8,,1996,[]
"Андеграунд,""8,1"",,1995,""['Comedy, Drama']"""
Кошка на раскаленной крыше,8,,1958,[]
"Элитный отряд,8,,2007,""['Action, Crime']"""
"«V» значит Вендетта,""8,1"",,2005,""['Action, Drama']"""
"Самурай,""8,1"",,1967,""['Crime, Drama']"""
"Человек-паук: Через Вселенные,""8,4"",,2018,""['Animation, Action']"""
"Весна, лето, осень, зима... и снова весна,8,,2003,""['Drama, Romance']"""
"Легенда о пианисте,""8,1"",,1998,""['Drama, Music']"""
"История Элли,8,,2009,""['Drama, Mystery']"""
"Адаптация,""7,7"",,2002,""['Comedy, Drama']"""
"Леди Бёрд,""7,4"",,2017,""['Comedy, Drama']"""
"Танцующий с волками,8,,1990,""['Adventure, Drama']"""
"Послание,""8,2"",,1976,""['Biography, Drama']"""
"Мужские разборки,""8,1"",,1955,""['Crime, Drama']"""
"Логан,""8,1"",,2017,""['Action, Drama']"""
"Элитный отряд: Враг внутри,8,,2010,""['Action, Crime']"""
"Пустой дом,8,,2004,""['Crime, Drama']"""
"Шерлок младший,""8,2"",,1924,""['Action, Comedy']"""
"Туз в рукаве,""8,1"",,1951,""['Drama, Film']"""
"Грань будущего,""7,9"",,2014,""['Action, Adventure']"""
"Звёздный путь,""7,9"",,2009,""['Action, Adventure']"""
"Гарри Поттер и узник Азкабана,""7,9"",,2004,""['Adventure, Family']"""
"Бэмби,""7,3"",,1942,""['Animation, Adventure']"""
"Тонкий человек,8,,1934,""['Comedy, Mystery']"""
"Луна 2112,""7,8"",,2009,""['Drama, Mystery']"""
"Уродцы,""7,9"",,1932,""['Drama, Horror']"""
"12 обезьян,8,,1995,""['Mystery, Sci', 'Fi, Thriller']"""
"Самсара,""8,5"",,I) (,""['Documentary, Music']"""
"Персеполис,8,,2007,""['Animation, Biography']"""
"Конец Евангелиона,""8,1"",,1997,""['Animation, Action']"""
"Зловещие мертвецы 2,""7,7"",,1987,""['Comedy, Horror']"""
"Кто подставил кролика Роджера,""7,7"",,1988,""['Animation, Adventure']"""
"Миссия «Серенити»,""7,8"",,2005,""['Action, Adventure']"""
"Трон в крови,""8,1"",,1957,""['Drama, History']"""
"Корпорация монстров,""8,1"",,2001,""['Animation, Adventure']"""
Дорога,8,,1954,[]
"Стена,8,,1982,""['Drama, Fantasy']"""
"Безумный Макс 2: Воин дороги,""7,6"",,1981,""['Action, Adventure']"""
"Далласский клуб покупателей,8,,2013,""['Biography, Drama']"""
"Зимняя спячка,""8,1"",,2014,[]"
"Из машины,""7,7"",,2014,""['Drama, Sci', 'Fi, Thriller']"""
"Остров собак,""7,8"",,2018,""['Animation, Adventure']"""
"Пираты Карибского моря: Проклятие Чёрной жемчужины,8,,2003,""['Action, Adventure']"""
"Убить Билла 2,8,,2004,""['Action, Crime']"""
"Охота на дикарей,""7,9"",,2016,""['Adventure, Comedy']"""
"Зверополис,8,,2016,""['Animation, Adventure']"""
"Песнь моря,""8,1"",,2014,""['Animation, Adventure']"""
"Район No 9,""7,9"",,2009,""['Action, Sci', 'Fi, Thriller']"""
"Ночь живых мертвецов,""7,9"",,1968,""['Horror, Thriller']"""
"Как приручить дракона,""8,1"",,2010,""['Animation, Action']"""
"Миссия невыполнима: Последствия,""7,7"",,2018,""['Action, Adventure']"""
"Зеркало,""8,1"",,1975,""['Biography, Drama']"""
"Зомби по имени Шон,""7,9"",,2004,""['Comedy, Horror']"""
"Выживший,8,,2015,""['Action, Adventure']"""
"Шрэк,""7,9"",,2001,""['Animation, Adventure']"""
"Интерстеллар,""8,6"",,2014,""['Adventure, Drama']"""
"Особое мнение,""7,6"",,2002,""['Action, Crime']"""
"Небесный замок Лапута,8,,1986,""['Animation, Adventure']"""
"Любовь - болезнь,""7,5"",,2017,""['Comedy, Drama']"""
"Золушка,""7,3"",,1950,""['Animation, Family']"""
"Моя прекрасная леди,""7,8"",,1964,""['Drama, Family']"""
"Вальс с Баширом,8,,2008,""['Documentary, Animation']"""
"Короткая встреча,8,,1945,""['Drama, Romance']"""
"Призрак в доспехах,8,,1995,""['Animation, Action']"""
"Чyнгкингский экспресс,""8,1"",,1994,""['Comedy, Crime']"""
"Мамочка,""8,1"",,I) (,[]"
"Престиж,""8,5"",,2006,""['Drama, Mystery']"""
"Невинные,""7,8"",,1961,[]"
"Чёрный лебедь,8,,2010,""['Drama, Thriller']"""
"Трое негодяев в скрытой крепости,""8,1"",,1958,""['Action, Adventure']"""
"Реинкарнация,""7,3"",,2018,""['Drama, Horror']"""
"Чёрная кошкa, белый кот,""8,1"",,1998,""['Comedy, Crime']"""
"Игра навылет,8,,1972,""['Mystery, Thriller']"""
"Тайна Коко,""8,4"",,I) (,""['Animation, Adventure']"""
"Хищник,""7,8"",,1987,""['Action, Adventure']"""
"Дрянная девчонка,8,,2001,""['Comedy, Drama']"""
"Общество мёртвых поэтов,""8,1"",,1989,""['Comedy, Drama']"""
"Завтрак у Тиффани,""7,6"",,1961,""['Comedy, Drama']"""
"Скрытые фигуры,""7,9"",,2016,""['Biography, Drama']"""
"Игра в имитацию,8,,2014,""['Biography, Drama']"""
"Остров проклятых,""8,2"",,2010,""['Mystery, Thriller']"""
"Линкольн,""7,3"",,2012,""['Biography, Drama']"""
"Хорошо быть тихоней,""7,9"",,2012,""['Drama, Romance']"""
"За пригоршню долларов,8,,1964,""['Action, Drama']"""
"Цель номер один,""7,4"",,2012,""['Drama, History']"""
"Место под солнцем,""7,8"",,1951,""['Drama, Romance']"""
"Афера по-американски,""7,2"",,2013,""['Crime, Drama']"""
Человек дождя,8,,1988,[]
"Гигант,""7,6"",,1956,""['Drama, Western']"""
"Нокдаун,8,,2005,""['Biography, Drama']"""
"Отныне и во веки веков,""7,6"",,1953,""['Drama, Romance']"""
"Переступить черту,""7,8"",,2005,""['Biography, Drama']"""
"Последний император,""7,7"",,1987,""['Biography, Drama']"""
"Мятеж на Баунти,""7,7"",,1935,""['Adventure, Biography']"""
"Самый длинный день,""7,8"",,1962,""['Action, Drama']"""
